chapter,chapter_title,source_file,question,issue
